#Parameters = {R_fat=48; R_glandular=38; R_skin_outer=50; T10=5; T15=7.5; T5=2.5; T_rad=4; T_x=10; T_y=0; T_z=75; Zc=65; skin_thickness=2}
#"Frequency / GHz"	"S1,1 [Magnitude / dB]"
#-----------------------------------------
0.30000001192093	-23.190216196362
0.30469998717308	-23.738362573390
0.30939999222755	-24.842495986146
0.31409999728203	-26.638011718626
0.31880000233650	-29.069599918599
0.32350000739098	-30.404831961276
0.32820001244545	-27.904165557188
0.33289998769760	-24.258985768214
0.33759999275208	-21.197109797617
0.34229999780655	-18.754990521644
0.34700000286102	-16.775173720088
0.35170000791550	-15.135950072424
0.35640001296997	-13.756958111532
0.36109998822212	-12.587330004556
0.36579999327660	-11.596821591668
0.37049999833107	-10.769901522376
0.37520000338554	-10.101056460322
0.37990000844002	-9.5902574172775
0.38460001349449	-9.2382620801518
0.38929998874664	-9.0423736568917
0.39399999380112	-8.9939233376785
0.39869999885559	-9.0783494958942
0.40340000391006	-9.2777317019743
0.40810000896454	-9.5745343040188
0.41280001401901	-9.9550636531908
0.41749998927116	-10.411731387733
0.42219999432564	-10.943872110206
0.42689999938011	-11.557174481863
0.43160000443459	-12.261707901280
0.43630000948906	-13.067800537931
0.44100001454353	-13.977996102227
0.44569998979568	-14.971733849164
0.45039999485016	-15.979609135425
0.45509999990463	-16.855391438474
0.45980000495911	-17.391463096191
0.46450001001358	-17.439270755469
0.46919998526573	-17.047498190057
0.47389999032021	-16.418069825119
0.47859999537468	-15.750414438011
0.48330000042915	-15.167431880121
0.48800000548363	-14.725838918706
0.49270001053810	-14.443810142452
0.49739998579025	-14.318900060371
0.50209999084473	-14.335094680012
0.50679999589920	-14.462818107124
0.51150000095367	-14.655723297764
0.51620000600815	-14.849189716652
0.52090001106262	-14.967783171586
0.52560001611710	-14.946754077919
0.53030002117157	-14.759752281597
0.53500002622604	-14.430883625468
0.53969997167587	-14.019346332974
0.54439997673035	-13.591466438886
0.54909998178482	-13.200681325288
0.55379998683929	-12.880965836304
0.55849999189377	-12.648021473413
0.56319999694824	-12.502267405533
0.56790000200272	-12.431036997589
0.57260000705719	-12.410032172418
0.57730001211166	-12.405570106443
0.58200001716614	-12.379595981232
0.58670002222061	-12.298305182007
0.59140002727509	-12.142071490367
0.59609997272491	-11.911556396370
0.60079997777939	-11.626033719785
0.60549998283386	-11.315256461089
0.61019998788834	-11.009886381774
0.61489999294281	-10.734673394851
0.61959999799728	-10.505214611535
0.62430000305176	-10.327199304550
0.62900000810623	-10.196837593018
0.63370001316071	-10.101975649572
0.63840001821518	-10.024029215225
0.64310002326965	-9.9412455568140
0.64780002832413	-9.8333203429665
0.65249997377396	-9.6864048866236
0.65719997882843	-9.4966764608445
0.66189998388290	-9.2707999644276
0.66659998893738	-9.0231966526493
0.67129999399185	-8.7715502820884
0.67599999904633	-8.5324453682948
0.68070000410080	-8.3182712415069
0.68540000915527	-8.1355646275476
0.69010001420975	-7.9844991633456
0.69480001926422	-7.8592580736728
0.69950002431870	-7.7492301185077
0.70420002937317	-7.6410601474437
0.70889997482300	-7.5214432884304
0.71359997987747	-7.3801604262848
0.71829998493195	-7.2124883772721
0.72299998998642	-7.0201204058418
0.72769999504089	-6.8103108163365
0.73240000009537	-6.5936830812713
0.73710000514984	-6.3815409615707
0.74180001020432	-6.1834993609778
0.74650001525879	-6.0057989063763
0.75120002031326	-5.8504276177349
0.75590002536774	-5.7150080617357
0.76059997081757	-5.5933871561688
0.76529997587204	-5.4768982860738
0.76999998092651	-5.3562023165682
0.77469998598099	-5.2233455445831
0.77939999103546	-5.0735834302559
0.78409999608994	-4.9064027789644
0.78880000114441	-4.7254595866500
0.79350000619888	-4.5375096930123
0.79820001125336	-4.3507148206314
0.80290001630783	-4.1728563520109
0.80760002136230	-4.0098132727674
0.81230002641678	-3.8645571629530
0.81699997186661	-3.7367069820385
0.82169997692108	-3.6227207451888
0.82639998197556	-3.5166498487415
0.83109998703003	-3.4114238565082
0.83579999208450	-3.3004118400579
0.84049999713898	-3.1789519552270
0.84520000219345	-3.0454345575507
0.84990000724792	-2.9016514068019
0.85460001230240	-2.7523482171671
0.85930001735687	-2.6041048332851
0.86400002241135	-2.4639156767697
0.86870002746582	-2.3377820168348
0.87339997291565	-2.2295995290057
0.87809997797012	-2.1404934456452
0.88279998302460	-2.0686770637436
0.88749998807907	-2.0098979192315
0.89219999313354	-1.9583879654112
0.89689999818802	-1.9081850067767
0.90160000324249	-1.8545861987733
0.90630000829697	-1.7953772107414
0.91100001335144	-1.7315299429510
0.91570001840591	-1.6671607041627
0.92040002346039	-1.6087978299212
0.92510002851486	-1.5641436561244
0.92979997396469	-1.5406686832913
0.93449997901917	-1.5443077191400
0.93919998407364	-1.5785511009123
0.94389998912811	-1.6440278789411
0.94859999418259	-1.7386890596970
0.95329999923706	-1.8585847545231
0.95800000429153	-1.9991595578849
0.96270000934601	-2.1568730121035
0.96740001440048	-2.3308691869796
0.97210001945496	-2.5243576173543
0.97680002450943	-2.7453656852744
0.98150002956390	-3.0067385775113
0.98619997501373	-3.3254866547522
0.99089998006821	-3.7218708601295
0.99559998512268	-4.2186759126684
1.0003000497818	-4.8412611438784
1.0049999952316	-5.6188653433782
1.0096999406815	-6.5878056233489
1.0144000053406	-7.7976100089429
1.0190999507904	-9.3223307506834
1.0238000154495	-11.281643068982
1.0284999608994	-13.878303902664
1.0332000255585	-17.406877896252
1.0378999710083	-21.286608500086
1.0426000356674	-20.197000128164
1.0472999811172	-16.052791421335
1.0520000457764	-12.762583090768
1.0566999912262	-10.313935683627
1.0614000558853	-8.4298283350781
1.0661000013351	-6.9390476853719
1.0707999467850	-5.7400363478611
1.0755000114441	-4.7689625088668
1.0801999568939	-3.9825207554019
1.0849000215530	-3.3487195262023
1.0895999670029	-2.8418823053708
1.0943000316620	-2.4399804747614
1.0989999771118	-2.1234348014965
1.1037000417709	-1.8747876899744
1.1083999872208	-1.6788333401849
1.1131000518799	-1.5229650278451
1.1177999973297	-1.3973982868699
1.1224999427795	-1.2951944145472
1.1272000074387	-1.2119906889263
1.1318999528885	-1.1454712846218
1.1366000175476	-1.0946822105162
1.1412999629974	-1.0593383519788
1.1460000276566	-1.0392111142693
1.1506999731064	-1.0337117019580
1.1554000377655	-1.0416904608568
1.1600999832153	-1.0614381891791
1.1648000478745	-1.0908420974715
1.1694999933243	-1.1276517511259
1.1742000579834	-1.1697504191407
1.1789000034332	-1.2154157159892
1.1835999488831	-1.2634515022931
1.1883000135422	-1.3132563879131
1.1929999589920	-1.3647470378720
1.1977000236511	-1.4182154876533
1.2023999691010	-1.4741419728137
1.2071000337601	-1.5330011166484
1.2117999792099	-1.5951076109261
1.2165000438690	-1.6605323327379
1.2211999893188	-1.7290841513630
1.2259000539780	-1.8003402425593
1.2305999994278	-1.8737430290734
1.2352999448776	-1.9486972643459
1.2400000095367	-2.0246690403453
1.2446999549866	-2.1012636766658
1.2494000196457	-2.1782694155233
1.2540999650955	-2.2556422887766
1.2588000297546	-2.3334906676980
1.2634999752045	-2.4120102446454
1.2682000398636	-2.4914232285651
1.2728999853134	-2.5719379845775
1.2776000499725	-2.6536856714357
1.2822999954224	-2.7367251822833
1.2869999408722	-2.8210339134396
1.2917000055313	-2.9065259442357
1.2963999509811	-2.9930798280697
1.3011000156403	-3.0805661398602
1.3057999610901	-3.1688641695617
1.3105000257492	-3.2578885571330
1.3151999711990	-3.3475895552700
1.3199000358582	-3.4379537460678
1.3245999813080	-3.5290050332006
1.3293000459671	-3.6207948060801
1.3339999914169	-3.7133965698111
1.3387000560760	-3.8069028559430
1.3434000015259	-3.9014155501298
1.3480999469757	-3.9970426759349
1.3528000116348	-4.0938952339853
1.3574999570847	-4.1920729379833
1.3622000217438	-4.2916574849633
1.3668999671936	-4.3927073136444
1.3716000318527	-4.4952459127733
1.3762999773026	-4.5992703876304
1.3810000419617	-4.7047476987093
1.3856999874115	-4.8116350555685
1.3904000520706	-4.9198971249168
1.3950999975204	-5.0295237953614
1.3997999429703	-5.1405506607185
1.4045000076294	-5.2530700235512
1.4091999530792	-5.3672290520565
1.4139000177383	-5.4832265561057
1.4185999631882	-5.6012887922968
1.4233000278473	-5.7216433029746
1.4279999732971	-5.8444968904967
1.4327000379562	-5.9700012700799
1.4373999834061	-6.0982457933467
1.4421000480652	-6.2292517011656
1.4467999935150	-6.3629845518384
1.4515000581741	-6.4993791264548
1.4562000036240	-6.6383735072931
1.4608999490738	-6.7799424581174
1.4656000137329	-6.9241265810371
1.4702999591827	-7.0710543138826
1.4750000238419	-7.2209401914480
1.4796999692917	-7.3740691704857
1.4844000339508	-7.5307705663815
1.4890999794006	-7.6913747153999
1.4938000440598	-7.8561682460933
1.4984999895096	-8.0253621499691
1.5032000541687	-8.1990656757901
1.5078999996185	-8.3772818306596
1.5125999450684	-8.5599233561846
1.5173000097275	-8.7468433553600
1.5219999551773	-8.9378834757208
1.5267000198364	-9.1329214291217
1.5313999652863	-9.3319139109401
1.5361000299454	-9.5349221381477
1.5407999753952	-9.7421211020892
1.5455000400543	-9.9537759587018
1.5501999855042	-10.170203737990
1.5549000501633	-10.391713180212
1.5595999956131	-10.618542054211
1.5642999410629	-10.850793641562
1.5690000057220	-11.088400817065
1.5736999511719	-11.331103487726
1.5784000158310	-11.578453382704
1.5830999612808	-11.829861484685
1.5878000259399	-12.084647404262
1.5924999713898	-12.342113727582
1.5972000360489	-12.601612527380
1.6018999814987	-12.862595344635
1.6066000461578	-13.124633722109
1.6112999916077	-13.387400108103
1.6160000562668	-13.650626701150
1.6207000017166	-13.914018572589
1.6253999471664	-14.177162130207
1.6301000118256	-14.439449362899
1.6347999572754	-14.699994064920
1.6395000219345	-14.957600232479
1.6441999673843	-15.210785520673
1.6489000320435	-15.457848878626
1.6535999774933	-15.696960291911
1.6583000421524	-15.926301803629
1.6629999876022	-16.144226456655
1.6677000522614	-16.349370221086
1.6723999977112	-16.540750490348
1.6770999431610	-16.717832820267
1.6818000078201	-16.880470179667
1.6864999532700	-17.028866258920
1.6912000179291	-17.163453661194
1.6958999633789	-17.284772419093
1.7006000280380	-17.393358315530
1.7052999734879	-17.489653586029
1.7100000381470	-17.573981295241
1.7146999835968	-17.646557044575
1.7194000482559	-17.707551905499
1.7240999937057	-17.757224641692
1.7288000583649	-17.796024159407
1.7335000038147	-17.824696071876
1.7381999492645	-17.844357368856
1.7429000139236	-17.856486686764
1.7475999593735	-17.862860650830
1.7523000240326	-17.865429795385
1.7569999694824	-17.866148654376
1.7617000341415	-17.866782807437
1.7663999795914	-17.868783625476
1.7711000442505	-17.873166130987
1.7757999897003	-17.880483398178
1.7805000543594	-17.890871928040
1.7851999998093	-17.904190036469
1.7898999452591	-17.920154255673
1.7946000099182	-17.938558547243
1.7992999553680	-17.959410775393
1.8040000200272	-17.983077354162
1.8086999654770	-18.010316220830
1.8134000301361	-18.042210641211
1.8180999755859	-18.080059337924
1.8228000402451	-18.125212697813
1.8274999856949	-18.178855864926
1.8322000503540	-18.241878373300
1.8368999958038	-18.314757239200
1.8415999412537	-18.397534204101
1.8463000059128	-18.489885783159
1.8509999513626	-18.591256334147
1.8557000160217	-18.701062939884
1.8603999614716	-18.818907161253
1.8651000261307	-18.944767251268
1.8697999715805	-19.079098675904
1.8745000362396	-19.222916219911
1.8791999816895	-19.377674986095
1.8839000463486	-19.545163903491
1.8885999917984	-19.727272335420
1.8933000564575	-19.925807769613
1.8980000019073	-20.142298084557
1.9026999473572	-20.377897606688
1.9074000120163	-20.633386509972
1.9120999574661	-20.909237654569
1.9168000221252	-21.205876039811
1.9214999675751	-21.523907981681
1.9262000322342	-21.864442728672
1.9308999776840	-22.229394886047
1.9356000423431	-22.621739750414
1.9402999877930	-23.045681315079
1.9450000524521	-23.506709499263
1.9496999979019	-24.011614113727
1.9543999433517	-24.568501499724
1.9591000080109	-25.186902727792
1.9637999534607	-25.878048345207
1.9685000181198	-26.655483303640
1.9731999635696	-27.536270138943
1.9779000282288	-28.542996430830
1.9825999736786	-29.707370738621
1.9873000383377	-31.076425069360
1.9919999837875	-32.724137575768
1.9967000484467	-34.773788108029
2.0013999938965	-37.442328708081
2.0060999393463	-41.084521422344
2.0107998847961	-45.339302344918
2.0155000686646	-44.227720260354
2.0202000141144	-39.686248372367
2.0248999595642	-36.150592532465
2.0295999050140	-33.493722269335
2.0343000888824	-31.394755933677
2.0390000343323	-29.667573124878
2.0436999797821	-28.203953416493
2.0483999252319	-26.936695249496
2.0531001091003	-25.821173622143
2.0578000545502	-24.826028828166
2.0625000000000	-23.928159535490
2.0671999454498	-23.109997139385
2.0718998908997	-22.357911210355
2.0766000747681	-21.661332986195
2.0813000202179	-21.012098310699
2.0859999656677	-20.404025051438
2.0906999111176	-19.832528909196
2.0954000949860	-19.294262125881
2.1001000404358	-18.786770844513
2.1047999858856	-18.308171272280
2.1094999313354	-17.856864062019
2.1142001152039	-17.431349801718
2.1189000606537	-17.030047161493
2.1236000061035	-16.651283657592
2.1282999515533	-16.293293354915
2.1329998970032	-15.954273299585
2.1377000808716	-15.632520991889
2.1424000263214	-15.326511067989
2.1470999717712	-15.035007717650
2.1517999172211	-14.757118579547
2.1565001010895	-14.492285621335
2.1612000465393	-14.240241319841
2.1658999919891	-14.000919659536
2.1705999374390	-13.774333608743
2.1752998828888	-13.560472823901
2.1800000667572	-13.359191163606
2.1847000122070	-13.170168658037
2.1893999576569	-12.992886426838
2.1940999031067	-12.826653476217
2.1988000869751	-12.670694003726
2.2035000324249	-12.524216956063
2.2081999778748	-12.386524062376
2.2128999233246	-12.257081387153
2.2176001071930	-12.135567209870
2.2223000526428	-12.021865955614
2.2269999980927	-11.916040247514
2.2316999435425	-11.818253025414
2.2363998889923	-11.728688930243
2.2411000728607	-11.647456486351
2.2458000183105	-11.574528386702
2.2504999637604	-11.509708897480
2.2551999092102	-11.452631716061
2.2599000930786	-11.402806770036
2.2646000385284	-11.359684294353
2.2692999839783	-11.322739536269
2.2739999294281	-11.291555596812
2.2787001132965	-11.265869697011
2.2834000587463	-11.245609331891
2.2881000041962	-11.230869925473
2.2927999496460	-11.221871452458
2.2974998950958	-11.218884157101
2.3022000789642	-11.222142487215
2.3069000244141	-11.231785706605
2.3115999698639	-11.247796854447
2.3162999153137	-11.270004003906
2.3210000991821	-11.298096578647
2.3257000446320	-11.331683603118
2.3303999900818	-11.370364966412
2.3350999355316	-11.413821827465
2.3397998809814	-11.461866744870
2.3445000648499	-11.514495671902
2.3492000102997	-11.571882650475
2.3538999557495	-11.634344765276
2.3585999011993	-11.702267697690
2.3633000850677	-11.776053762034
2.3680000305176	-11.856001290126
2.3726999759674	-11.942291568308
2.3773999214172	-12.034927584888
2.3821001052856	-12.133765715220
2.3868000507355	-12.238556164126
2.3914999961853	-12.349019526545
2.3961999416351	-12.464939533230
2.4008998870850	-12.586221061984
2.4056000709534	-12.712976357596
2.4103000164032	-12.845511765952
2.4149999618530	-12.984321291484
2.4196999073029	-13.130017193711
2.4244000911713	-13.283262544774
2.4291000366211	-13.444649802308
2.4337999820709	-13.614659693802
2.4384999275208	-13.793592213381
2.4432001113892	-13.981576905753
2.4479000568390	-14.178610819859
2.4526000022888	-14.384628885043
2.4572999477386	-14.599627582819
2.4619998931885	-14.823743306054
2.4667000770569	-15.057370540788
2.4714000225067	-15.301176295028
2.4760999679565	-15.556112867830
2.4807999134064	-15.823375506869
2.4855000972748	-16.104286866279
2.4902000427246	-16.400197288764
2.4948999881744	-16.712375809412
2.4995999336243	-17.041919700244
2.5043001174927	-17.389738115154
2.5090000629425	-17.756568700560
2.5137000083923	-18.143061800520
2.5183999538422	-18.549936813756
2.5230998992920	-18.978123063345
2.5278000831604	-19.428900348375
2.5325000286102	-19.903989043755
2.5371999740601	-20.405548543104
2.5418999195099	-20.936018141728
2.5466001033783	-21.497766032519
2.5513000488281	-22.092586775096
2.5559999942780	-22.720887495814
2.5606999397278	-23.380504252124
2.5653998851776	-24.065133549220
2.5701000690460	-24.762176882515
2.5748000144958	-25.450066695787
2.5794999599457	-26.095794510294
2.5841999053955	-26.654030245595
2.5889000892639	-27.070934421144
2.5936000347137	-27.295165337576
2.5982999801636	-27.294276804700
2.6029999256134	-27.067506803683
2.6077001094818	-26.645454044315
2.6124000549316	-26.077046818548
2.6171000003815	-25.413703214217
2.6217999458313	-24.699118442834
2.6264998912811	-23.965919726078
2.6312000751495	-23.236522339397
2.6359000205994	-22.525348008611
2.6405999660492	-21.841066008081
2.6452999114990	-21.188289116062
2.6500000953674	-20.568845680076
2.6547000408173	-19.982640537816
2.6593999862671	-19.428314119852
2.6640999317169	-18.903728404097
2.6688001155853	-18.406369877620
2.6735000610352	-17.933709110698
2.6782000064850	-17.483403834151
2.6828999519348	-17.053472996987
2.6875998973846	-16.642376599208
2.6923000812531	-16.248983137031
2.6970000267029	-15.872493356498
2.7016999721527	-15.512320238678
2.7063999176025	-15.167941499516
2.7111001014709	-14.838784751547
2.7158000469208	-14.524149658490
2.7204999923706	-14.223163926778
2.7251999378204	-13.934815724769
2.7298998832703	-13.658008920351
2.7346000671387	-13.391651095072
2.7393000125885	-13.134753043019
2.7439999580383	-12.886501865816
2.7486999034882	-12.646313162473
2.7534000873566	-12.413820453819
2.7581000328064	-12.188856782143
2.7627999782562	-11.971367455035
2.7674999237061	-11.761336883347
2.7722001075745	-11.558699240272
2.7769000530243	-11.363276660793
2.7815999984741	-11.174749021703
2.7862999439240	-10.992664292160
2.7909998893738	-10.816470244178
2.7957000732422	-10.645585474156
2.8004000186920	-10.479468391506
2.8050999641418	-10.317681848763
2.8097999095917	-10.159933711890
2.8145000934601	-10.006097073154
2.8192000389099	-9.8561716432593
2.8238999843597	-9.7102581539321
2.8285999298096	-9.5684694675500
2.8333001136780	-9.4308827965790
2.8380000591278	-9.2974769696379
2.8427000045776	-9.1681180656571
2.8473999500275	-9.0425405573687
2.8520998954773	-8.9204048177993
2.8568000793457	-8.8013301692791
2.8615000247955	-8.6849585805006
2.8661999702454	-8.5710155528450
2.8708999156952	-8.4593377570422
2.8756000995636	-8.3498960095436
2.8803000450134	-8.2427685830525
2.8849999904633	-8.1381137770299
2.8896999359131	-8.0360924005423
2.8943998813629	-7.9368339213664
2.8991000652313	-7.8403860332055
2.9038000106812	-7.7466804646972
2.9084999561310	-7.6555535414322
2.9131999015808	-7.5667507604403
2.9179000854492	-7.4799905908629
2.9226000308990	-7.3950155333634
2.9272999763489	-7.3116276548461
2.9319999217987	-7.2297361659151
2.9367001056671	-7.1493588815751
2.9414000511169	-7.0706086351453
2.9460999965668	-6.9936616015550
2.9507999420166	-6.9186996776129
2.9554998874664	-6.8458661360988
2.9602000713348	-6.7752272082245
2.9649000167847	-6.7067491663601
2.9695999622345	-6.6402966690963
2.9742999076843	-6.5756740820364
2.9790000915527	-6.5126375883758
2.9837000370026	-6.4509790508643
2.9883999824524	-6.3905439598186
2.9930999279022	-6.3312698078325
2.9978001117706	-6.2731998015082
3.0025000572205	-6.2164531456318
3.0072000026703	-6.1612055199172
3.0118999481201	-6.1076339442738
3.0165998935699	-6.0558831148509
3.0213000774384	-6.0060079611398
3.0260000228882	-5.9579799033889
3.0306999683380	-5.9116766981396
3.0353999137878	-5.8669154180863
3.0401000976562	-5.8234808645310
3.0448000431061	-5.7811775514721
3.0494999885559	-5.7398767882333
3.0541999340057	-5.6995300522761
3.0589001178741	-5.6601802692522
3.0636000633240	-5.6219491531132
3.0683000087738	-5.5850031244151
3.0729999542236	-5.5495097404392
3.0776998996735	-5.5155950492993
3.0824000835419	-5.4833073174867
3.0871000289917	-5.4526131335685
3.0917999744415	-5.4233896857088
3.0964999198914	-5.3954553062787
3.1012001037598	-5.3686093653033
3.1059000492096	-5.3426725298612
3.1105999946594	-5.3175207454653
3.1152999401093	-5.2931223023918
3.1199998855591	-5.2695245127814
3.1247000694275	-5.2468435228865
3.1294000148773	-5.2252440482271
3.1340999603271	-5.2048764391131
3.1387999057770	-5.1858598612395
3.1435000896454	-5.1682260908731
3.1482000350952	-5.1519316861561
3.1528999805450	-5.1368545780784
3.1575999259949	-5.1228082213024
3.1623001098633	-5.1096003974862
3.1670000553131	-5.0970628597225
3.1717000007629	-5.0850779590571
3.1763999462128	-5.0736264808098
3.1810998916626	-5.0627583252199
3.1858000755310	-5.0525942352629
3.1905000209808	-5.0432900771411
3.1951999664307	-5.0349876155378
3.1998999118805	-5.0277856714078
3.2046000957489	-5.0217091424901
3.2093000411987	-5.0166935191280
3.2139999866486	-5.0126029031510
3.2186999320984	-5.0092504599376
3.2234001159668	-5.0064342305548
3.2281000614166	-5.0039883337901
3.2328000068665	-5.0018026922362
3.2374999523163	-4.9998520230886
3.2421998977661	-4.9981919076210
3.2469000816345	-4.9969366036248
3.2516000270844	-4.9962228321443
3.2562999725342	-4.9961754861481
3.2609999179840	-4.9968626822097
3.2657001018524	-4.9982767230963
3.2704000473022	-5.0003224059383
3.2750999927521	-5.0028263254150
3.2797999382019	-5.0055722585827
3.2844998836517	-5.0083317378050
3.2892000675201	-5.0109132472675
3.2939000129700	-5.0131918953696
3.2985999584198	-5.0151212473345
3.3032999038696	-5.0167297558385
3.3080000877380	-5.0181011924284
3.3127000331879	-5.0193378295531
3.3173999786377	-5.0205069546715
3.3220999240875	-5.0216234338515
3.3268001079559	-5.0226086135032
3.3315000534058	-5.0232978751800
3.3361999988556	-5.0234491030840
3.3408999443054	-5.0227846116233
3.3455998897552	-5.0210214961369
3.3503000736237	-5.0179181948131
3.3550000190735	-5.0133112657574
3.3596999645233	-5.0071195183645
3.3643999099731	-4.9993333836651
3.3691000938416	-4.9900059711279
3.3738000392914	-4.9791944546106
3.3784999847412	-4.9669286845032
3.3831999301910	-4.9531754281417
3.3879001140594	-4.9378247844252
3.3926000595093	-4.9206826822048
3.3973000049591	-4.9015131454816
3.4019999504089	-4.8800590604424
3.4066998958588	-4.8560970743050
3.4114000797272	-4.8294761701020
3.4161000251770	-4.8001527554151
3.4207999706268	-4.7681878883739
3.4254999160767	-4.7337381347736
3.4302000999451	-4.6970291029978
3.4349000453949	-4.6583140808912
3.4395999908447	-4.6178269572661
3.4442999362946	-4.5757598909732
3.4489998817444	-4.5322513616910
3.4537000656128	-4.4873842195964
3.4584000110626	-4.4412195593230
3.4630999565125	-4.3938349165356
3.4677999019623	-4.3453519642918
3.4725000858307	-4.2959761032555
3.4772000312805	-4.2460031738332
3.4818999767303	-4.1958169190202
3.4865999221802	-4.1458633820145
3.4913001060486	-4.0966146048778
3.4960000514984	-4.0485242366709
3.5006999969482	-4.0019840636394
3.5053999423981	-3.9573061157529
3.5100998878479	-3.9147056200645
3.5148000717163	-3.8743103241786
3.5195000171661	-3.8361939607904
3.5241999626160	-3.8003946942774
3.5288999080658	-3.7669653398463
3.5336000919342	-3.7359870158986
3.5383000373840	-3.7075865256538
3.5429999828339	-3.6819352507990
3.5476999282837	-3.6592321571713
3.5524001121521	-3.6396683413372
3.5571000576019	-3.6233981805063
3.5618000030518	-3.6105127657212
3.5664999485016	-3.6010200127656
3.5711998939514	-3.5948372774107
3.5759000778198	-3.5918158292814
3.5806000232697	-3.5917551725347
3.5852999687195	-3.5944500032866
3.5899999141693	-3.5997103220932
3.5947000980377	-3.6074039232852
3.5994000434875	-3.6174578168975
3.6040999889374	-3.6298701569145
3.6087999343872	-3.6446794076623
3.6135001182556	-3.6619509803313
3.6182000637054	-3.6817340908545
3.6229000091553	-3.7040339203704
3.6275999546051	-3.7288010718470
3.6322999000549	-3.7559130446785
3.6370000839233	-3.7851922884383
3.6417000293732	-3.8164248093686
3.6463999748230	-3.8493997074994
3.6510999202728	-3.8839355343972
3.6558001041412	-3.9199122922260
3.6605000495911	-3.9572845733880
3.6651999950409	-3.9960755920259
3.6698999404907	-4.0363685669278
3.6745998859406	-4.0782711993575
3.6793000698090	-4.1218830928791
3.6840000152588	-4.1672629884774
3.6886999607086	-4.2144050939976
3.6933999061584	-4.2632307375043
3.6981000900269	-4.3135994933808
3.7028000354767	-4.3653325852528
3.7074999809265	-4.4182473060051
3.7121999263763	-4.4721900733189
3.7169001102448	-4.5270686197607
3.7216000556946	-4.5828684848234
3.7263000011444	-4.6396482753923
3.7309999465942	-4.6975274265957
3.7356998920441	-4.7566477590889
3.7404000759125	-4.8171414037860
3.7451000213623	-4.8790861724714
3.7497999668121	-4.9424870961433
3.7544999122620	-5.0072651343647
3.7592000961304	-5.0732652829871
3.7639000415802	-5.1402845335214
3.7685999870300	-5.2081142257727
3.7732999324799	-5.2765680442669
3.7780001163483	-5.3455323886953
3.7827000617981	-5.4149681993115
3.7874000072479	-5.4849229754427
3.7920999526978	-5.5555004629216
3.7967998981476	-5.6268277533235
3.8015000820160	-5.6990078988590
3.8062000274658	-5.7720786683878
3.8108999729156	-5.8459857086110
3.8155999183655	-5.9205713456809
3.8203001022339	-5.9955873882061
3.8250000476837	-6.0707309702972
3.8296999931335	-6.1456896698176
3.8343999385834	-6.2201895609267
3.8390998840332	-6.2940346456424
3.8438000679016	-6.3671282296530
3.8485000133514	-6.4394680383901
3.8531999588013	-6.5111191933819
3.8578999042511	-6.5821618647734
3.8626000881195	-6.6526444422738
3.8673000335693	-6.7225354935566
3.8719999790192	-6.7916870633331
3.8766999244690	-6.8598382699030
3.8814001083374	-6.9266317716681
3.8861000537872	-6.9916683391355
3.8907999992371	-7.0545630858854
3.8954999446869	-7.1150067363831
3.9001998901367	-7.1728137176759
3.9049000740051	-7.2279333906552
3.9096000194550	-7.2804428977386
3.9142999649048	-7.3305037810023
3.9189999103546	-7.3783007359545
3.9237000942230	-7.4239749002777
3.9284000396729	-7.4675761826751
3.9330999851227	-7.5090312116149
3.9377999305725	-7.5481594384737
3.9425001144409	-7.5847033859684
3.9472000598907	-7.6183921258534
3.9519000053406	-7.6490187717874
3.9565999507904	-7.6764942048628
3.9612998962402	-7.7008920144893
3.9660000801086	-7.7224430808400
3.9707000255585	-7.7415067306585
3.9753999710083	-7.7585095604581
3.9800999164581	-7.7738713250260
3.9848001003265	-7.7879257022602
3.9895000457764	-7.8008834579074
3.9941999912262	-7.8128111089736
3.9988999366760	-7.8236521759414
4.0036001205444	-7.8332795877967
4.0082998275757	-7.8415679428353
4.0130000114441	-7.8484637767591
4.0177001953125	-7.8540439847763
4.0223999023438	-7.8585297479791
4.0271000862122	-7.8622884162930
4.0317997932434	-7.8657703795330
4.0364999771118	-7.8694508998834
4.0412001609802	-7.8737473266309
4.0458998680115	-7.8789558959633
4.0506000518799	-7.8852141055124
4.0553002357483	-7.8925019829266
4.0599999427795	-7.9006742202870
4.0647001266479	-7.9095244551249
4.0693998336792	-7.9188599540332
4.0741000175476	-7.9285713745699
4.0788002014160	-7.9386883196124
4.0834999084473	-7.9493892745183
4.0882000923157	-7.9609819694530
4.0928997993469	-7.9738492974578
4.0975999832153	-7.9883776208722
4.1023001670837	-8.0048748353534
4.1069998741150	-8.0235148085825
4.1117000579834	-8.0443023372331
4.1163997650146	-8.0670823856333
4.1210999488831	-8.0915842805772
4.1258001327515	-8.1174838799805
4.1304998397827	-8.1444946143017
4.1352000236511	-8.1724264448597
4.1399002075195	-8.2012514718444
4.1445999145508	-8.2311007019545
4.1493000984192	-8.2622445351044
4.1539998054504	-8.2950298223987
4.1586999893188	-8.3297957803426
4.1634001731873	-8.3667944652675
4.1680998802185	-8.4061314353248
4.1728000640869	-8.4477299952625
4.1774997711182	-8.4913419668669
4.1821999549866	-8.5366035888549
4.1869001388550	-8.5831072409816
4.1915998458862	-8.6304910868858
4.1963000297546	-8.6785269023595
4.2010002136230	-8.7271561361192
4.2056999206543	-8.7765122732044
4.2104001045227	-8.8268798774298
4.2150998115540	-8.8786268936233
4.2197999954224	-8.9321050017824
4.2245001792908	-8.9875696279739
4.2291998863220	-9.0451036402960
4.2339000701904	-9.1045937429318
4.2385997772217	-9.1657466929092
4.2432999610901	-9.2281559431773
4.2480001449585	-9.2913908213230
4.2526998519897	-9.3551052695225
4.2574000358582	-9.4191292630585
4.2621002197266	-9.4835252985636
4.2667999267578	-9.5485906107073
4.2715001106262	-9.6148223036447
4.2761998176575	-9.6828187909187
4.2809000015259	-9.7531827504598
4.2856001853943	-9.8264083492138
4.2902998924255	-9.9028159697785
4.2950000762939	-9.9825138955527
4.2996997833252	-10.065426452286
4.3043999671936	-10.151363050621
4.3091001510620	-10.240123975077
4.3137998580933	-10.331607390815
4.3185000419617	-10.425902197033
4.3232002258301	-10.523328177374
4.3278999328613	-10.624432840612
4.3326001167297	-10.729907781120
4.3372998237610	-10.840477030065
4.3420000076294	-10.956755186048
4.3467001914978	-11.079117530565
4.3513998985291	-11.207600982609
4.3561000823975	-11.341877550341
4.3607997894287	-11.481282040462
4.3654999732971	-11.624922192484
4.3702001571655	-11.771826450203
4.3748998641968	-11.921112893195
4.3796000480652	-12.072148388212
4.3843002319336	-12.224636272855
4.3889999389648	-12.378635485130
4.3937001228333	-12.534481722828
4.3983998298645	-12.692636317317
4.4031000137329	-12.853503984661
4.4078001976013	-13.017239363885
4.4124999046326	-13.183628572962
4.4172000885010	-13.352035687666
4.4218997955322	-13.521466642583
4.4265999794006	-13.690734005507
4.4313001632690	-13.858684628023
4.4359998703003	-14.024433746835
4.4407000541687	-14.187565044051
4.4454002380371	-14.348213346775
4.4500999450684	-14.507008929182
4.4548001289368	-14.664893179462
4.4594998359680	-14.822838400380
4.4642000198364	-14.981545365037
4.4689002037048	-15.141181920192
4.4735999107361	-15.301252274231
4.4783000946045	-15.460603506880
4.4829998016357	-15.617633711468
4.4876999855042	-15.770584859142
4.4924001693726	-15.917939010135
4.4970998764038	-16.058751149263
4.5018000602722	-16.192855259853
4.5064997673035	-16.320853572873
4.5111999511719	-16.443897312919
4.5159001350403	-16.563305276297
4.5205998420715	-16.680094726447
4.5253000259399	-16.794597400292
4.5300002098083	-16.906223133360
4.5346999168396	-17.013447212457
4.5394001007080	-17.114066145937
4.5440998077393	-17.205657464019
4.5487999916077	-17.286123155380
4.5535001754761	-17.354192072197
4.5581998825073	-17.409732157904
4.5629000663757	-17.453713343071
4.5675997734070	-17.487919866785
4.5722999572754	-17.514395238160
4.5770001411438	-17.534826479424
4.5816998481750	-17.550060877335
4.5864000320435	-17.559818302311
4.5911002159119	-17.562761947320
4.5957999229431	-17.556845504958
4.6005001068115	-17.539881468113
4.6051998138428	-17.510206380133
4.6098999977112	-17.467202901710
4.6146001815796	-17.411544012205
4.6192998886108	-17.345108943323
4.6240000724792	-17.270542561406
4.6286997795105	-17.190629397742
4.6333999633789	-17.107666014318
4.6381001472473	-17.022970727107
4.6427998542786	-16.936676711680
4.6475000381470	-16.847843750415
4.6522002220154	-16.754818126061
4.6568999290466	-16.655816646564
4.6616001129150	-16.549504436160
4.6662998199463	-16.435463196272
4.6710000038147	-16.314418192211
4.6757001876831	-16.188121030935
4.6803998947144	-16.058987037281
4.6851000785828	-15.929556324796
4.6897997856140	-15.801929602212
4.6944999694824	-15.677370416848
4.6992001533508	-15.556079727151
4.7038998603821	-15.437257332570
4.7086000442505	-15.319397676878
4.7133002281189	-15.200736283825
4.7179999351501	-15.079761055128
4.7227001190186	-14.955652076920
4.7273998260498	-14.828537843997
4.7321000099182	-14.699483594129
4.7368001937866	-14.570275672947
4.7414999008179	-14.442995055833
4.7462000846863	-14.319539384798
4.7508997917175	-14.201215121526
4.7555999755859	-14.088486809861
4.7603001594543	-13.980897248342
4.7649998664856	-13.877240853117
4.7697000503540	-13.775877979453
4.7744002342224	-13.675172631304
4.7790999412537	-13.573906634929
4.7838001251221	-13.471605119006
4.7884998321533	-13.368665250898
4.7932000160217	-13.266267377303
4.7979001998901	-13.166107668268
4.8025999069214	-13.069982549654
4.8073000907898	-12.979389147642
4.8119997978210	-12.895188567241
4.8166999816895	-12.817426993786
4.8214001655579	-12.745335085495
4.8260998725891	-12.677531270972
4.8308000564575	-12.612349414580
4.8354997634888	-12.548239911101
4.8401999473572	-12.484144349893
4.8449001312256	-12.419752806822
4.8495998382568	-12.355579079128
4.8543000221252	-12.292830624593
4.8590002059937	-12.233106935855
4.8636999130249	-12.178003094086
4.8684000968933	-12.128734046454
4.8730998039246	-12.085821942668
4.8777999877930	-12.048972166943
4.8825001716614	-12.017110137645
4.8871998786926	-11.988614089803
4.8919000625610	-11.961670486227
4.8965997695923	-11.934683316335
4.9012999534607	-11.906644329636
4.9060001373291	-11.877362932419
4.9106998443604	-11.847493315656
4.9154000282288	-11.818363351621
4.9201002120972	-11.791620284245
4.9247999191284	-11.768817344507
4.9295001029968	-11.750996688543
4.9341998100281	-11.738420756509
4.9388999938965	-11.730448562267
4.9436001777649	-11.725640725755
4.9482998847961	-11.722043377164
4.9530000686646	-11.717590033994
4.9576997756958	-11.710554250618
4.9623999595642	-11.699904695717
4.9671001434326	-11.685495333777
4.9717998504639	-11.668009483800
4.9765000343323	-11.648683433397
4.9812002182007	-11.628843921987
4.9858999252319	-11.609422378052
4.9906001091003	-11.590511144714
4.9952998161316	-11.571129199336
5.0000000000000	-11.549203879385
