#Parameters = {R_fat=48; R_glandular=38; R_skin_outer=50; T10=5; T15=7.5; T5=2.5; T_rad=4; T_x=10; T_y=0; T_z=75; Zc=65; skin_thickness=2}
#"Frequency / GHz"	"S1,1 [Magnitude / dB]"
#-----------------------------------------
0.30000001192093	-23.482451119538
0.30469998717308	-24.283598580188
0.30939999222755	-25.689305104228
0.31409999728203	-27.822261045927
0.31880000233650	-30.242138805112
0.32350000739098	-30.058188293456
0.32820001244545	-26.652889065226
0.33289998769760	-23.200820466016
0.33759999275208	-20.421552247256
0.34229999780655	-18.197306834513
0.34700000286102	-16.378349223577
0.35170000791550	-14.859899800151
0.35640001296997	-13.573634808771
0.36109998822212	-12.476636597796
0.36579999327660	-11.544048910156
0.37049999833107	-10.764033251353
0.37520000338554	-10.133492014789
0.37990000844002	-9.6536772411591
0.38460001349449	-9.3256020469831
0.38929998874664	-9.1461734404967
0.39399999380112	-9.1062544198454
0.39869999885559	-9.1914010766451
0.40340000391006	-9.3848253902560
0.40810000896454	-9.6711025094743
0.41280001401901	-10.039308396492
0.41749998927116	-10.484771163837
0.42219999432564	-11.009411063160
0.42689999938011	-11.620693347372
0.43160000443459	-12.329023018739
0.43630000948906	-13.142588435888
0.44100001454353	-14.057387719304
0.44569998979568	-15.038978860248
0.45039999485016	-15.995024814614
0.45509999990463	-16.756463630223
0.45980000495911	-17.124512343339
0.46450001001358	-17.012089017615
0.46919998526573	-16.530234752832
0.47389999032021	-15.887849658443
0.47859999537468	-15.256508115435
0.48330000042915	-14.732414801187
0.48800000548363	-14.356519394633
0.49270001053810	-14.138838539100
0.49739998579025	-14.071981952078
0.50209999084473	-14.135309013464
0.50679999589920	-14.293503248596
0.51150000095367	-14.493538561521
0.51620000600815	-14.665907377220
0.52090001106262	-14.737245358239
0.52560001611710	-14.655714803958
0.53030002117157	-14.414755712794
0.53500002622604	-14.054334033514
0.53969997167587	-13.638473788790
0.54439997673035	-13.229130342359
0.54909998178482	-12.871810744006
0.55379998683929	-12.592773123881
0.55849999189377	-12.401329506347
0.56319999694824	-12.292530850134
0.56790000200272	-12.248978440543
0.57260000705719	-12.242339526028
0.57730001211166	-12.236548268236
0.58200001716614	-12.194330808476
0.58670002222061	-12.086806899068
0.59140002727509	-11.902486373099
0.59609997272491	-11.650367885280
0.60079997777939	-11.355150653359
0.60549998283386	-11.047877649217
0.61019998788834	-10.757251328127
0.61489999294281	-10.504347323029
0.61959999799728	-10.300590475953
0.62430000305176	-10.147596672011
0.62900000810623	-10.037888191569
0.63370001316071	-9.9563007325841
0.63840001821518	-9.8824260394019
0.64310002326965	-9.7944934337720
0.64780002832413	-9.6743477347798
0.65249997377396	-9.5121340802317
0.65719997882843	-9.3086659994785
0.66189998388290	-9.0744437926423
0.66659998893738	-8.8259175728249
0.67129999399185	-8.5808219319784
0.67599999904633	-8.3542812928850
0.68070000410080	-8.1563315034620
0.68540000915527	-7.9907939348292
0.69010001420975	-7.8551698194303
0.69480001926422	-7.7413452726436
0.69950002431870	-7.6371649824305
0.70420002937317	-7.5288289373460
0.70889997482300	-7.4039230345992
0.71359997987747	-7.2543100969263
0.71829998493195	-7.0780161060988
0.72299998998642	-6.8793770747065
0.72769999504089	-6.6675060656869
0.73240000009537	-6.4537516151320
0.73710000514984	-6.2490474053246
0.74180001020432	-6.0617945477866
0.74650001525879	-5.8965138540385
0.75120002031326	-5.7532957566436
0.75590002536774	-5.6279902703384
0.76059997081757	-5.5130815683218
0.76529997587204	-5.3992497179503
0.76999998092651	-5.2773572657399
0.77469998598099	-5.1405220122076
0.77939999103546	-4.9856796708903
0.78409999608994	-4.8141783491171
0.78880000114441	-4.6312531492567
0.79350000619888	-4.4446117853178
0.79820001125336	-4.2626168290959
0.80290001630783	-4.0925474898422
0.80760002136230	-3.9392494316353
0.81230002641678	-3.8043605477305
0.81699997186661	-3.6860985275067
0.82169997692108	-3.5797033651832
0.82639998197556	-3.4784293256441
0.83109998703003	-3.3749915809183
0.83579999208450	-3.2631990882932
0.84049999713898	-3.1393960912482
0.84520000219345	-3.0033046996483
0.84990000724792	-2.8580551898330
0.85460001230240	-2.7094245120088
0.85930001735687	-2.5645282142993
0.86400002241135	-2.4303319877042
0.86870002746582	-2.3123052932207
0.87339997291565	-2.2134226404111
0.87809997797012	-2.1336777792820
0.88279998302460	-2.0701571135244
0.88749998807907	-2.0176686799292
0.89219999313354	-1.9698889999738
0.89689999818802	-1.9207993664885
0.90160000324249	-1.8661630637844
0.90630000829697	-1.8046589850542
0.91100001335144	-1.7383514728580
0.91570001840591	-1.6724127646854
0.92040002346039	-1.6141531414499
0.92510002851486	-1.5716334719872
0.92979997396469	-1.5522068281563
0.93449997901917	-1.5612645970055
0.93919998407364	-1.6014080444546
0.94389998912811	-1.6721963414226
0.94859999418259	-1.7704810729624
0.95329999923706	-1.8913598022208
0.95800000429153	-2.0296474375633
0.96270000934601	-2.1816205629388
0.96740001440048	-2.3467612105834
0.97210001945496	-2.5290925895911
0.97680002450943	-2.7377871367942
0.98150002956390	-2.9869677767048
0.98619997501373	-3.2948369113380
0.99089998006821	-3.6826028963141
0.99559998512268	-4.1737323640283
1.0003000497818	-4.7940393707368
1.0049999952316	-5.5731532140985
1.0096999406815	-6.5480118647333
1.0144000053406	-7.7695225280830
1.0190999507904	-9.3149948131921
1.0238000154495	-11.312353795708
1.0284999608994	-13.987968389257
1.0332000255585	-17.715101538262
1.0378999710083	-22.026145024265
1.0426000356674	-20.555352742873
1.0472999811172	-16.054151802035
1.0520000457764	-12.674378773334
1.0566999912262	-10.198443385475
1.0614000558853	-8.3044681864995
1.0661000013351	-6.8104661756332
1.0707999467850	-5.6118751255512
1.0755000114441	-4.6440682317939
1.0801999568939	-3.8636105611759
1.0849000215530	-3.2385035021997
1.0895999670029	-2.7429270802275
1.0943000316620	-2.3544486746159
1.0989999771118	-2.0527941970317
1.1037000417709	-1.8195435935155
1.1083999872208	-1.6384028113300
1.1131000518799	-1.4956862469662
1.1177999973297	-1.3807332794594
1.1224999427795	-1.2860927106352
1.1272000074387	-1.2073301874664
1.1318999528885	-1.1425171215324
1.1366000175476	-1.0914481179377
1.1412999629974	-1.0547968540261
1.1460000276566	-1.0333243689192
1.1506999731064	-1.0272915385999
1.1554000377655	-1.0361027613229
1.1600999832153	-1.0582462651006
1.1648000478745	-1.0914332567814
1.1694999933243	-1.1329142826103
1.1742000579834	-1.1798732729497
1.1789000034332	-1.2298299496881
1.1835999488831	-1.2809436412836
1.1883000135422	-1.3322036347430
1.1929999589920	-1.3834560370262
1.1977000236511	-1.4352539879079
1.2023999691010	-1.4886142720533
1.2071000337601	-1.5447031040507
1.2117999792099	-1.6045435405326
1.2165000438690	-1.6687783364394
1.2211999893188	-1.7375379716509
1.2259000539780	-1.8104279040192
1.2305999994278	-1.8866149959431
1.2352999448776	-1.9649910921014
1.2400000095367	-2.0443896370465
1.2446999549866	-2.1238001275897
1.2494000196457	-2.2025222543258
1.2540999650955	-2.2802827131887
1.2588000297546	-2.3572417473610
1.2634999752045	-2.4339240075087
1.2682000398636	-2.5110802898882
1.2728999853134	-2.5895255061104
1.2776000499725	-2.6699555667568
1.2822999954224	-2.7528267005530
1.2869999408722	-2.8382626316451
1.2917000055313	-2.9260668021448
1.2963999509811	-3.0157555985650
1.3011000156403	-3.1066731796185
1.3057999610901	-3.1981335876797
1.3105000257492	-3.2895449854883
1.3151999711990	-3.3805325422271
1.3199000358582	-3.4710031893948
1.3245999813080	-3.5611614336735
1.3293000459671	-3.6514524014159
1.3339999914169	-3.7424797206710
1.3387000560760	-3.8348759464188
1.3434000015259	-3.9291940664865
1.3480999469757	-4.0258025221473
1.3528000116348	-4.1248259959695
1.3574999570847	-4.2261439061482
1.3622000217438	-4.3294236609886
1.3668999671936	-4.4342063136928
1.3716000318527	-4.5400016301660
1.3762999773026	-4.6464083729090
1.3810000419617	-4.7531886310166
1.3856999874115	-4.8603381279456
1.3904000520706	-4.9680885108794
1.3950999975204	-5.0768655152550
1.3997999429703	-5.1872291802894
1.4045000076294	-5.2997595851552
1.4091999530792	-5.4149748959915
1.4139000177383	-5.5332278254466
1.4185999631882	-5.6546758212569
1.4233000278473	-5.7792527291802
1.4279999732971	-5.9067154251986
1.4327000379562	-6.0367021764762
1.4373999834061	-6.1688253623873
1.4421000480652	-6.3027671316706
1.4467999935150	-6.4383660028149
1.4515000581741	-6.5756607804842
1.4562000036240	-6.7149151044536
1.4608999490738	-6.8565792727625
1.4656000137329	-7.0012285539244
1.4702999591827	-7.1494737254645
1.4750000238419	-7.3018637263011
1.4796999692917	-7.4588053046940
1.4844000339508	-7.6205015574865
1.4890999794006	-7.7869396212855
1.4938000440598	-7.9579078620769
1.4984999895096	-8.1330600524544
1.5032000541687	-8.3119976720544
1.5078999996185	-8.4943681640741
1.5125999450684	-8.6799548787472
1.5173000097275	-8.8687406440543
1.5219999551773	-9.0609348180738
1.5267000198364	-9.2569555638900
1.5313999652863	-9.4573638606945
1.5361000299454	-9.6627790938155
1.5407999753952	-9.8737634046973
1.5455000400543	-10.090724373622
1.5501999855042	-10.313833829795
1.5549000501633	-10.542984277265
1.5595999956131	-10.777795385231
1.5642999410629	-11.017658924856
1.5690000057220	-11.261824337002
1.5736999511719	-11.509515051891
1.5784000158310	-11.760037906739
1.5830999612808	-12.012877820084
1.5878000259399	-12.267751316355
1.5924999713898	-12.524608293493
1.5972000360489	-12.783574874524
1.6018999814987	-13.044845045569
1.6066000461578	-13.308551885931
1.6112999916077	-13.574621806835
1.6160000562668	-13.842650840767
1.6207000017166	-14.111829311268
1.6253999471664	-14.380905486228
1.6301000118256	-14.648251512334
1.6347999572754	-14.911952710688
1.6395000219345	-15.169975122853
1.6441999673843	-15.420330429666
1.6489000320435	-15.661278294001
1.6535999774933	-15.891442837929
1.6583000421524	-16.109886983424
1.6629999876022	-16.316112610907
1.6677000522614	-16.510005649785
1.6723999977112	-16.691653681812
1.6770999431610	-16.861244218679
1.6818000078201	-17.018872826159
1.6864999532700	-17.164461620034
1.6912000179291	-17.297693286414
1.6958999633789	-17.418025443384
1.7006000280380	-17.524821440708
1.7052999734879	-17.617479767759
1.7100000381470	-17.695650930395
1.7146999835968	-17.759406059768
1.7194000482559	-17.809389053999
1.7240999937057	-17.846852599367
1.7288000583649	-17.873633364587
1.7335000038147	-17.891985124959
1.7381999492645	-17.904361553228
1.7429000139236	-17.913173752483
1.7475999593735	-17.920511856038
1.7523000240326	-17.927975336235
1.7569999694824	-17.936553188994
1.7617000341415	-17.946635149971
1.7663999795914	-17.958104477049
1.7711000442505	-17.970535384096
1.7757999897003	-17.983449515039
1.7805000543594	-17.996557060354
1.7851999998093	-18.009984253299
1.7898999452591	-18.024371684740
1.7946000099182	-18.040894678525
1.7992999553680	-18.061136054396
1.8040000200272	-18.086882227149
1.8086999654770	-18.119872136833
1.8134000301361	-18.161533493214
1.8180999755859	-18.212802298731
1.8228000402451	-18.274013565719
1.8274999856949	-18.344920985821
1.8322000503540	-18.424812114798
1.8368999958038	-18.512739379400
1.8415999412537	-18.607785365519
1.8463000059128	-18.709348473831
1.8509999513626	-18.817368673814
1.8557000160217	-18.932435744466
1.8603999614716	-19.055802121545
1.8651000261307	-19.189234293327
1.8697999715805	-19.334762649559
1.8745000362396	-19.494432370257
1.8791999816895	-19.670032889052
1.8839000463486	-19.862843117979
1.8885999917984	-20.073617418244
1.8933000564575	-20.302558368490
1.8980000019073	-20.549496246905
1.9026999473572	-20.814204345469
1.9074000120163	-21.096682917867
1.9120999574661	-21.397558384641
1.9168000221252	-21.718376922198
1.9214999675751	-22.061780217258
1.9262000322342	-22.431589727037
1.9308999776840	-22.832716744561
1.9356000423431	-23.270988938089
1.9402999877930	-23.752986618882
1.9450000524521	-24.285857887618
1.9496999979019	-24.877441697916
1.9543999433517	-25.536466631462
1.9591000080109	-26.273213483581
1.9637999534607	-27.100680682584
1.9685000181198	-28.036419287975
1.9731999635696	-29.105661453391
1.9779000282288	-30.346426421321
1.9825999736786	-31.818563727884
1.9873000383377	-33.621670637226
1.9919999837875	-35.933902717621
1.9967000484467	-39.105943728819
2.0013999938965	-43.830008671268
2.0060999393463	-48.265849334610
2.0107998847961	-43.191310386204
2.0155000686646	-38.384630006752
2.0202000141144	-35.083529573593
2.0248999595642	-32.623279915905
2.0295999050140	-30.672584638261
2.0343000888824	-29.060641440795
2.0390000343323	-27.689261788119
2.0436999797821	-26.496619981059
2.0483999252319	-25.441021435641
2.0531001091003	-24.492966175326
2.0578000545502	-23.630947771090
2.0625000000000	-22.839124877341
2.0671999454498	-22.105883269774
2.0718998908997	-21.422790367581
2.0766000747681	-20.783832784176
2.0813000202179	-20.184729768487
2.0859999656677	-19.622354401260
2.0906999111176	-19.094258374153
2.0954000949860	-18.598263927439
2.1001000404358	-18.132251561654
2.1047999858856	-17.693985551225
2.1094999313354	-17.281108313039
2.1142001152039	-16.891203845499
2.1189000606537	-16.521909355813
2.1236000061035	-16.171080564603
2.1282999515533	-15.836919004191
2.1329998970032	-15.518055439390
2.1377000808716	-15.213605212257
2.1424000263214	-14.923092276963
2.1470999717712	-14.646383791284
2.1517999172211	-14.383512229389
2.1565001010895	-14.134547255688
2.1612000465393	-13.899443581690
2.1658999919891	-13.677937331492
2.1705999374390	-13.469527338686
2.1752998828888	-13.273469129418
2.1800000667572	-13.088854731216
2.1847000122070	-12.914729394649
2.1893999576569	-12.750197375416
2.1940999031067	-12.594532804415
2.1988000869751	-12.447261074749
2.2035000324249	-12.308171347965
2.2081999778748	-12.177298553018
2.2128999233246	-12.054838213016
2.2176001071930	-11.941044822238
2.2223000526428	-11.836125395930
2.2269999980927	-11.740134293229
2.2316999435425	-11.652931941708
2.2363998889923	-11.574155253259
2.2411000728607	-11.503262419499
2.2458000183105	-11.439614732168
2.2504999637604	-11.382559004330
2.2551999092102	-11.331547696406
2.2599000930786	-11.286200880884
2.2646000385284	-11.246366607383
2.2692999839783	-11.212108914797
2.2739999294281	-11.183661162958
2.2787001132965	-11.161347440144
2.2834000587463	-11.145481174887
2.2881000041962	-11.136264434019
2.2927999496460	-11.133736599933
2.2974998950958	-11.137731031895
2.3022000789642	-11.147899518867
2.3069000244141	-11.163767196981
2.3115999698639	-11.184819555336
2.3162999153137	-11.210609965247
2.3210000991821	-11.240834569227
2.3257000446320	-11.275388970764
2.3303999900818	-11.314403329954
2.3350999355316	-11.358181847264
2.3397998809814	-11.407144344243
2.3445000648499	-11.461744709646
2.3492000102997	-11.522346256326
2.3538999557495	-11.589164150416
2.3585999011993	-11.662221930780
2.3633000850677	-11.741341508798
2.3680000305176	-11.826194462071
2.3726999759674	-11.916392944209
2.3773999214172	-12.011579969403
2.3821001052856	-12.111529285024
2.3868000507355	-12.216225362949
2.3914999961853	-12.325877818653
2.3961999416351	-12.440927256860
2.4008998870850	-12.561961342391
2.4056000709534	-12.689629135718
2.4103000164032	-12.824537425775
2.4149999618530	-12.967156820389
2.4196999073029	-13.117755242154
2.4244000911713	-13.276391563279
2.4291000366211	-13.442952703678
2.4337999820709	-13.617226522818
2.4384999275208	-13.799027650871
2.4432001113892	-13.988289564829
2.4479000568390	-14.185200421512
2.4526000022888	-14.390223183608
2.4572999477386	-14.604118572559
2.4619998931885	-14.827886727338
2.4667000770569	-15.062668446313
2.4714000225067	-15.309622057785
2.4760999679565	-15.569791192316
2.4807999134064	-15.844035266474
2.4855000972748	-16.132982906546
2.4902000427246	-16.437051276339
2.4948999881744	-16.756546608768
2.4995999336243	-17.091816663363
2.5043001174927	-17.443392684537
2.5090000629425	-17.812176831650
2.5137000083923	-18.199548722490
2.5183999538422	-18.607420006252
2.5230998992920	-19.038179559931
2.5278000831604	-19.494533408477
2.5325000286102	-19.979322533430
2.5371999740601	-20.495199398595
2.5418999195099	-21.044288423694
2.5466001033783	-21.627875696922
2.5513000488281	-22.245915764371
2.5559999942780	-22.896613747364
2.5606999397278	-23.575637859528
2.5653998851776	-24.275103521669
2.5701000690460	-24.981840785980
2.5748000144958	-25.675080250290
2.5794999599457	-26.323478855257
2.5841999053955	-26.883122498615
2.5889000892639	-27.299312154570
2.5936000347137	-27.516320954943
2.5982999801636	-27.495464983119
2.6029999256134	-27.232444594392
2.6077001094818	-26.760618262016
2.6124000549316	-26.136825239693
2.6171000003815	-25.421409154780
2.6217999458313	-24.664594725460
2.6264998912811	-23.901983611833
2.6312000751495	-23.155883055903
2.6359000205994	-22.438539577988
2.6405999660492	-21.755408439499
2.6452999114990	-21.107703129336
2.6500000953674	-20.494264963893
2.6547000408173	-19.912801543932
2.6593999862671	-19.360723415166
2.6640999317169	-18.835644882716
2.6688001155853	-18.335605248583
2.6735000610352	-17.859147699826
2.6782000064850	-17.405195206232
2.6828999519348	-16.972923987329
2.6875998973846	-16.561568681803
2.6923000812531	-16.170269557129
2.6970000267029	-15.797983539935
2.7016999721527	-15.443449092532
2.7063999176025	-15.105213444473
2.7111001014709	-14.781750270591
2.7158000469208	-14.471564450771
2.7204999923706	-14.173319353356
2.7251999378204	-13.885929609621
2.7298998832703	-13.608625180933
2.7346000671387	-13.340933364008
2.7393000125885	-13.082626684742
2.7439999580383	-12.833618848950
2.7486999034882	-12.593859062966
2.7534000873566	-12.363228784876
2.7581000328064	-12.141452925075
2.7627999782562	-11.928085933798
2.7674999237061	-11.722513277123
2.7722001075745	-11.524018948754
2.7769000530243	-11.331861137624
2.7815999984741	-11.145365650740
2.7862999439240	-10.964004907946
2.7909998893738	-10.787441249264
2.7957000732422	-10.615538865127
2.8004000186920	-10.448319547913
2.8050999641418	-10.285908873745
2.8097999095917	-10.128439174246
2.8145000934601	-9.9759790776013
2.8192000389099	-9.8284733045773
2.8238999843597	-9.6857086942558
2.8285999298096	-9.5473363283457
2.8333001136780	-9.4129093291840
2.8380000591278	-9.2819511184700
2.8427000045776	-9.1540273745345
2.8473999500275	-9.0288268912122
2.8520998954773	-8.9061752347663
2.8568000793457	-8.7860643648429
2.8615000247955	-8.6686078585806
2.8661999702454	-8.5540015739842
2.8708999156952	-8.4424380895729
2.8756000995636	-8.3340477597377
2.8803000450134	-8.2288509272954
2.8849999904633	-8.1267294823619
2.8896999359131	-8.0274462637399
2.8943998813629	-7.9306802876843
2.8991000652313	-7.8360765104837
2.9038000106812	-7.7433341589402
2.9084999561310	-7.6522405067900
2.9131999015808	-7.5627171563179
2.9179000854492	-7.4748150076032
2.9226000308990	-7.3886938987974
2.9272999763489	-7.3045685581890
2.9319999217987	-7.2226544267186
2.9367001056671	-7.1430972578103
2.9414000511169	-7.0659389537907
2.9460999965668	-6.9911013352763
2.9507999420166	-6.9183961777038
2.9554998874664	-6.8475597767634
2.9602000713348	-6.7783115130230
2.9649000167847	-6.7104155883405
2.9695999622345	-6.6437192986981
2.9742999076843	-6.5781912858380
2.9790000915527	-6.5139130406358
2.9837000370026	-6.4510563114076
2.9883999824524	-6.3898414167642
2.9930999279022	-6.3304668056032
2.9978001117706	-6.2730736698710
3.0025000572205	-6.2176998519745
3.0072000026703	-6.1642685418340
3.0118999481201	-6.1126036611621
3.0165998935699	-6.0624738724305
3.0213000774384	-6.0136301586557
3.0260000228882	-5.9658722391289
3.0306999683380	-5.9190830409581
3.0353999137878	-5.8732526367989
3.0401000976562	-5.8284823513338
3.0448000431061	-5.7849414876308
3.0494999885559	-5.7428363722755
3.0541999340057	-5.7023510905528
3.0589001178741	-5.6636003750124
3.0636000633240	-5.6266065555541
3.0683000087738	-5.5912801134295
3.0729999542236	-5.5574490785170
3.0776998996735	-5.5248846425657
3.0824000835419	-5.4933641587225
3.0871000289917	-5.4627037299283
3.0917999744415	-5.4328153271491
3.0964999198914	-5.4037046832141
3.1012001037598	-5.3754783791845
3.1059000492096	-5.3483076510853
3.1105999946594	-5.3223876445241
3.1152999401093	-5.2978810614101
3.1199998855591	-5.2748837380669
3.1247000694275	-5.2533901139454
3.1294000148773	-5.2333023445894
3.1340999603271	-5.2144339473858
3.1387999057770	-5.1965677090917
3.1435000896454	-5.1794863938599
3.1482000350952	-5.1630299077531
3.1528999805450	-5.1471293329612
3.1575999259949	-5.1318084882358
3.1623001098633	-5.1171840773372
3.1670000553131	-5.1034256088832
3.1717000007629	-5.0907259784284
3.1763999462128	-5.0792263636652
3.1810998916626	-5.0690012945053
3.1858000755310	-5.0600271076045
3.1905000209808	-5.0521853128215
3.1951999664307	-5.0452792447276
3.1998999118805	-5.0390860622905
3.2046000957489	-5.0334005773623
3.2093000411987	-5.0280767038135
3.2139999866486	-5.0230517707497
3.2186999320984	-5.0183676179556
3.2234001159668	-5.0141476863155
3.2281000614166	-5.0105595570877
3.2328000068665	-5.0077718188106
3.2374999523163	-5.0059110044132
3.2421998977661	-5.0050194333360
3.2469000816345	-5.0050375162790
3.2516000270844	-5.0058115643463
3.2562999725342	-5.0071307720343
3.2609999179840	-5.0087470326411
3.2657001018524	-5.0104467709193
3.2704000473022	-5.0120774290397
3.2750999927521	-5.0135804692751
3.2797999382019	-5.0149916310031
3.2844998836517	-5.0164168748878
3.2892000675201	-5.0180006395019
3.2939000129700	-5.0198791130330
3.2985999584198	-5.0221206911380
3.3032999038696	-5.0247106404653
3.3080000877380	-5.0275265642211
3.3127000331879	-5.0303578472418
3.3173999786377	-5.0329266756415
3.3220999240875	-5.0349452631220
3.3268001079559	-5.0361635321812
3.3315000534058	-5.0363977209716
3.3361999988556	-5.0355612478606
3.3408999443054	-5.0336599337399
3.3455998897552	-5.0307622304975
3.3503000736237	-5.0269590919649
3.3550000190735	-5.0223176651696
3.3596999645233	-5.0168343601013
3.3643999099731	-5.0104079855888
3.3691000938416	-5.0028387458063
3.3738000392914	-4.9938452817066
3.3784999847412	-4.9831075002903
3.3831999301910	-4.9703127355727
3.3879001140594	-4.9552146190974
3.3926000595093	-4.9376573094029
3.3973000049591	-4.9175985079117
3.4019999504089	-4.8951005980541
3.4066998958588	-4.8702908845114
3.4114000797272	-4.8433282550097
3.4161000251770	-4.8143481166509
3.4207999706268	-4.7834270733665
3.4254999160767	-4.7505685357459
3.4302000999451	-4.7157031028630
3.4349000453949	-4.6787294352872
3.4395999908447	-4.6395458630153
3.4442999362946	-4.5981115184520
3.4489998817444	-4.5544813460239
3.4537000656128	-4.5088338517827
3.4584000110626	-4.4614690604937
3.4630999565125	-4.4127867053190
3.4677999019623	-4.3632460728967
3.4725000858307	-4.3133119047290
3.4772000312805	-4.2634071541145
3.4818999767303	-4.2138823105746
3.4865999221802	-4.1649963806659
3.4913001060486	-4.1169276677672
3.4960000514984	-4.0698082041168
3.5006999969482	-4.0237490603667
3.5053999423981	-3.9788894802078
3.5100998878479	-3.9354262369694
3.5148000717163	-3.8936191342950
3.5195000171661	-3.8537900551510
3.5241999626160	-3.8162965377786
3.5288999080658	-3.7814953310601
3.5336000919342	-3.7496912504103
3.5383000373840	-3.7211079065289
3.5429999828339	-3.6958659060398
3.5476999282837	-3.6739737297894
3.5524001121521	-3.6553509435506
3.5571000576019	-3.6398553308384
3.5618000030518	-3.6273261307303
3.5664999485016	-3.6176223032430
3.5711998939514	-3.6106552145854
3.5759000778198	-3.6064035606579
3.5806000232697	-3.6049088822126
3.5852999687195	-3.6062584676121
3.5899999141693	-3.6105463901211
3.5947000980377	-3.6178438491695
3.5994000434875	-3.6281609775160
3.6040999889374	-3.6414333509170
3.6087999343872	-3.6575092067546
3.6135001182556	-3.6761798208798
3.6182000637054	-3.6971979520634
3.6229000091553	-3.7203206259098
3.6275999546051	-3.7453438812862
3.6322999000549	-3.7721336052300
3.6370000839233	-3.8006441928619
3.6417000293732	-3.8309024738447
3.6463999748230	-3.8629941523628
3.6510999202728	-3.8970206714381
3.6558001041412	-3.9330705886804
3.6605000495911	-3.9711780933772
3.6651999950409	-4.0112985700300
3.6698999404907	-4.0533161305507
3.6745998859406	-4.0970487250127
3.6793000698090	-4.1422825737966
3.6840000152588	-4.1888128091988
3.6886999607086	-4.2364758854160
3.6933999061584	-4.2851884001256
3.6981000900269	-4.3349533590118
3.7028000354767	-4.3858541989874
3.7074999809265	-4.4380297320886
3.7121999263763	-4.4916379281386
3.7169001102448	-4.5468075696444
3.7216000556946	-4.6036047066489
3.7263000011444	-4.6620111648554
3.7309999465942	-4.7219171356158
3.7356998920441	-4.7831409112668
3.7404000759125	-4.8454635488340
3.7451000213623	-4.9086730978026
3.7497999668121	-4.9726052650614
3.7544999122620	-5.0371809340690
3.7592000961304	-5.1024128490441
3.7639000415802	-5.1683995015093
3.7685999870300	-5.2352938525647
3.7732999324799	-5.3032626045202
3.7780001163483	-5.3724270491765
3.7827000617981	-5.4428309888399
3.7874000072479	-5.5144125599607
3.7920999526978	-5.5870002260894
3.7967998981476	-5.6603384061067
3.8015000820160	-5.7341295564381
3.8062000274658	-5.8080860662125
3.8108999729156	-5.8819765812678
3.8155999183655	-5.9556686985906
3.8203001022339	-6.0291372166331
3.8250000476837	-6.1024487441446
3.8296999931335	-6.1757229444830
3.8343999385834	-6.2490810861320
3.8390998840332	-6.3225855962587
3.8438000679016	-6.3961911391340
3.8485000133514	-6.4697246483832
3.8531999588013	-6.5428888623265
3.8578999042511	-6.6152957801872
3.8626000881195	-6.6865256589603
3.8673000335693	-6.7561920766308
3.8719999790192	-6.8239978514996
3.8766999244690	-6.8897801265208
3.8814001083374	-6.9535126713508
3.8861000537872	-7.0152835693882
3.8907999992371	-7.0752368254672
3.8954999446869	-7.1335099457210
3.9001998901367	-7.1901635812175
3.9049000740051	-7.2451339305085
3.9096000194550	-7.2982225794097
3.9142999649048	-7.3491133708292
3.9189999103546	-7.3974307487410
3.9237000942230	-7.4428079103804
3.9284000396729	-7.4849697092862
3.9330999851227	-7.5237970324961
3.9377999305725	-7.5593437123242
3.9425001144409	-7.5918325894726
3.9472000598907	-7.6216042075615
3.9519000053406	-7.6490393701999
3.9565999507904	-7.6744792277958
3.9612998962402	-7.6981545114275
3.9660000801086	-7.7201447198885
3.9707000255585	-7.7403849392413
3.9753999710083	-7.7587041862006
3.9800999164581	-7.7748970581960
3.9848001003265	-7.7888133548216
3.9895000457764	-7.8004218929873
3.9941999912262	-7.8098644194008
3.9988999366760	-7.8174639275415
4.0036001205444	-7.8236755112457
4.0082998275757	-7.8290302478311
4.0130000114441	-7.8340369523391
4.0177001953125	-7.8391038528116
4.0223999023438	-7.8444755828205
4.0271000862122	-7.8502184136452
4.0317997932434	-7.8562372294750
4.0364999771118	-7.8623390228140
4.0412001609802	-7.8683153921115
4.0458998680115	-7.8740237227722
4.0506000518799	-7.8794606101620
4.0553002357483	-7.8847942104942
4.0599999427795	-7.8903550984183
4.0647001266479	-7.8965795971325
4.0693998336792	-7.9039428592185
4.0741000175476	-7.9128545106595
4.0788002014160	-7.9235991460955
4.0834999084473	-7.9362705625241
4.0882000923157	-7.9507836536270
4.0928997993469	-7.9668992808482
4.0975999832153	-7.9842973149440
4.1023001670837	-8.0026657534905
4.1069998741150	-8.0217883614651
4.1117000579834	-8.0416072676112
4.1163997650146	-8.0622448259802
4.1210999488831	-8.0839884164719
4.1258001327515	-8.1072227522807
4.1304998397827	-8.1323486668180
4.1352000236511	-8.1596895981384
4.1399002075195	-8.1894191376048
4.1445999145508	-8.2215135824131
4.1493000984192	-8.2557602207183
4.1539998054504	-8.2918030369946
4.1586999893188	-8.3292222393050
4.1634001731873	-8.3676290832917
4.1680998802185	-8.4067623595060
4.1728000640869	-8.4465434494094
4.1774997711182	-8.4870923477499
4.1821999549866	-8.5287032714002
4.1869001388550	-8.5717629665099
4.1915998458862	-8.6166609584654
4.1963000297546	-8.6636809446515
4.2010002136230	-8.7129289270062
4.2056999206543	-8.7642956008829
4.2104001045227	-8.8174658844039
4.2150998115540	-8.8719845348542
4.2197999954224	-8.9273527085839
4.2245001792908	-8.9831383724298
4.2291998863220	-9.0390768569366
4.2339000701904	-9.0951314624837
4.2385997772217	-9.1515058694010
4.2432999610901	-9.2085994174672
4.2480001449585	-9.2669135518412
4.2526998519897	-9.3269361818570
4.2574000358582	-9.3890411125007
4.2621002197266	-9.4533943470390
4.2667999267578	-9.5199349945467
4.2715001106262	-9.5884061741789
4.2761998176575	-9.6584320860188
4.2809000015259	-9.7296452539818
4.2856001853943	-9.8018174078442
4.2902998924255	-9.8749589244476
4.2950000762939	-9.9493849534170
4.2996997833252	-10.025700120121
4.3043999671936	-10.104732072075
4.3091001510620	-10.187395938588
4.3137998580933	-10.274557271895
4.3185000419617	-10.366879764552
4.3232002258301	-10.464735403290
4.3278999328613	-10.568159401085
4.3326001167297	-10.676877049768
4.3372998237610	-10.790401912030
4.3420000076294	-10.908167326197
4.3467001914978	-11.029672636948
4.3513998985291	-11.154615394496
4.3561000823975	-11.282954784042
4.3607997894287	-11.414920833603
4.3654999732971	-11.550923786574
4.3702001571655	-11.691423387081
4.3748998641968	-11.836757407570
4.3796000480652	-11.986985971681
4.3843002319336	-12.141791092118
4.3889999389648	-12.300444217214
4.3937001228333	-12.461887079037
4.3983998298645	-12.624886645325
4.4031000137329	-12.788248693630
4.4078001976013	-12.951047142740
4.4124999046326	-13.112796033923
4.4172000885010	-13.273539988914
4.4218997955322	-13.433795422683
4.4265999794006	-13.594392360131
4.4313001632690	-13.756211881900
4.4359998703003	-13.919909642162
4.4407000541687	-14.085679753096
4.4454002380371	-14.253120780507
4.4500999450684	-14.421243246643
4.4548001289368	-14.588640870331
4.4594998359680	-14.753764752651
4.4642000198364	-14.915272662884
4.4689002037048	-15.072344841583
4.4735999107361	-15.224868843839
4.4783000946045	-15.373458339722
4.4829998016357	-15.519252795183
4.4876999855042	-15.663570025037
4.4924001693726	-15.807485477918
4.4970998764038	-15.951447707224
4.5018000602722	-16.095018073595
4.5064997673035	-16.236864329801
4.5111999511719	-16.374927684454
4.5159001350403	-16.506850726818
4.5205998420715	-16.630478740636
4.5253000259399	-16.744373305049
4.5300002098083	-16.848136619325
4.5346999168396	-16.942446592870
4.5394001007080	-17.028822085009
4.5440998077393	-17.109104560345
4.5487999916077	-17.184854250711
4.5535001754761	-17.256812267427
4.5581998825073	-17.324553469764
4.5629000663757	-17.386495954552
4.5675997734070	-17.440185685335
4.5722999572754	-17.482888192704
4.5770001411438	-17.512287365958
4.5816998481750	-17.527133179721
4.5864000320435	-17.527582876542
4.5911002159119	-17.515195096403
4.5957999229431	-17.492489409226
4.6005001068115	-17.462290317043
4.6051998138428	-17.426979285432
4.6098999977112	-17.387901073968
4.6146001815796	-17.345083947296
4.6192998886108	-17.297305321021
4.6240000724792	-17.242522276789
4.6286997795105	-17.178522317341
4.6333999633789	-17.103657369903
4.6381001472473	-17.017392119237
4.6427998542786	-16.920594471212
4.6475000381470	-16.815393783023
4.6522002220154	-16.704710958444
4.6568999290466	-16.591570354907
4.6616001129150	-16.478443536273
4.6662998199463	-16.366740651455
4.6710000038147	-16.256579170901
4.6757001876831	-16.146920680848
4.6803998947144	-16.035947320048
4.6851000785828	-15.921634608503
4.6897997856140	-15.802412889234
4.6944999694824	-15.677634709081
4.6992001533508	-15.547819618413
4.7038998603821	-15.414603784963
4.7086000442505	-15.280345577677
4.7133002281189	-15.147573316880
4.7179999351501	-15.018440662815
4.7227001190186	-14.894237429318
4.7273998260498	-14.775182465810
4.7321000099182	-14.660429253339
4.7368001937866	-14.548347391489
4.7414999008179	-14.436991608339
4.7462000846863	-14.324617719038
4.7508997917175	-14.210158819636
4.7555999755859	-14.093535117268
4.7603001594543	-13.975687386571
4.7649998664856	-13.858348132752
4.7697000503540	-13.743649268815
4.7744002342224	-13.633594976105
4.7790999412537	-13.529630493815
4.7838001251221	-13.432320662622
4.7884998321533	-13.341252381688
4.7932000160217	-13.255162172050
4.7979001998901	-13.172278723717
4.8025999069214	-13.090745655361
4.8073000907898	-13.009105382979
4.8119997978210	-12.926659080014
4.8166999816895	-12.843651145684
4.8214001655579	-12.761207592040
4.8260998725891	-12.681056754096
4.8308000564575	-12.605113696863
4.8354997634888	-12.535006732321
4.8401999473572	-12.471702031792
4.8449001312256	-12.415268937651
4.8495998382568	-12.364863402274
4.8543000221252	-12.318911274528
4.8590002059937	-12.275475991755
4.8636999130249	-12.232690645233
4.8684000968933	-12.189220716608
4.8730998039246	-12.144555219003
4.8777999877930	-12.099136169349
4.8825001716614	-12.054220609029
4.8871998786926	-12.011544539361
4.8919000625610	-11.972891533416
4.8965997695923	-11.939616078326
4.9012999534607	-11.912296701931
4.9060001373291	-11.890568024941
4.9106998443604	-11.873164967799
4.9154000282288	-11.858186023387
4.9201002120972	-11.843510918503
4.9247999191284	-11.827294649448
4.9295001029968	-11.808397299170
4.9341998100281	-11.786644439199
4.9388999938965	-11.762870387728
4.9436001777649	-11.738658930325
4.9482998847961	-11.715912598729
4.9530000686646	-11.696330318289
4.9576997756958	-11.680924394028
4.9623999595642	-11.669669546598
4.9671001434326	-11.661415090141
4.9717998504639	-11.654017697508
4.9765000343323	-11.644714960743
4.9812002182007	-11.630660740790
4.9858999252319	-11.609469749153
4.9906001091003	-11.579671911008
4.9952998161316	-11.540902881837
5.0000000000000	-11.493805679636
